GH:7S7P
from chipman type

  2
    0 1
    7 7
    7 7 

  0.02362232  0.00738198   0.00230687  0.00072090  0.00022528
  0.00007040  0.00002200

 1.0000000  0.0000000  0.0000000  0.0000000  0.0000000  0.0 0.0  
 0.0000000  1.0000000  0.0000000  0.0000000  0.0000000  0.0 0.0  
 0.0000000  0.0000000  1.0000000  0.0000000  0.0000000  0.0 0.0  
 0.0000000  0.0000000  0.0000000  1.0000000  0.0000000  0.0 0.0  
 0.0000000  0.0000000  0.0000000  0.0000000  1.0000000  0.0 0.0  
 0.0000000  0.0000000  0.0000000  0.0000000  0.0000000  1.0 0.0  
 0.0000000  0.0000000  0.0000000  0.0000000  0.0000000  0.0 1.0  

  0.02362232  0.00738198   0.00230687  0.00072090  0.00022528
  0.00007040  0.00002200
 
 1.0000000  0.0000000  0.0000000  0.0000000  0.0000000  0.0 0.0  
 0.0000000  1.0000000  0.0000000  0.0000000  0.0000000  0.0 0.0  
 0.0000000  0.0000000  1.0000000  0.0000000  0.0000000  0.0 0.0  
 0.0000000  0.0000000  0.0000000  1.0000000  0.0000000  0.0 0.0  
 0.0000000  0.0000000  0.0000000  0.0000000  1.0000000  0.0 0.0  
 0.0000000  0.0000000  0.0000000  0.0000000  0.0000000  1.0 0.0  
 0.0000000  0.0000000  0.0000000  0.0000000  0.0000000  0.0 1.0  

GH:3S1P
from chipman type

  2
    0 1
    3 1
    3 1 

  0.02362232  0.00738198   0.00230687  

 1.0000000  0.0000000  0.0000000  
 0.0000000  1.0000000  0.0000000  
 0.0000000  0.0000000  1.0000000  

  0.02362232  
 
 1.0000000  



H:aug-cc-pVTZ
aug-cc-pVTZ

  3
    0    1    2
    4    3    2
    6    3    2

3.387000D+01  5.095000D+00  1.159000D+00  3.258000D-01  1.027000D-01  0.0252600

6.068000D-03  0.000000D+00  0.000000D+00  0.00000000
4.530800D-02  0.000000D+00  0.000000D+00  0.00000000
2.028220D-01  0.000000D+00  0.000000D+00  0.00000000
5.039030D-01  1.000000D+00  0.000000D+00  0.00000000
3.834210D-01  0.000000D+00  1.000000D+00  0.00000000
0.00000000  0.00000000  0.00000000  1.0000000

1.407000D+00  3.880000D-01  0.1020000

1.000000D+00  0.000000D+00  0.00000000
0.000000D+00  1.000000D+00  0.00000000
0.00000000  0.00000000  1.0000000

1.057000D+00  0.2470000

1.0000000  0.00000000
0.00000000  1.0000000

O:aug-cc-pVTZ
aug-cc-pVTZ

  4
    0    1    2    3
    5    4    3    2
   11    6    3    2

1.533000D+04  2.299000D+03  5.224000D+02  1.473000D+02  4.755000D+01  1.676000D+01  6.207000D+00  1.752000D+00  6.882000D-01  2.384000D-01  0.0737600

5.080000D-04  -1.150000D-04  0.000000D+00  0.000000D+00  0.00000000
3.929000D-03  -8.950000D-04  0.000000D+00  0.000000D+00  0.00000000
2.024300D-02  -4.636000D-03  0.000000D+00  0.000000D+00  0.00000000
7.918100D-02  -1.872400D-02  0.000000D+00  0.000000D+00  0.00000000
2.306870D-01  -5.846300D-02  0.000000D+00  0.000000D+00  0.00000000
4.331180D-01  -1.364630D-01  0.000000D+00  0.000000D+00  0.00000000
3.502600D-01  -1.757400D-01  0.000000D+00  0.000000D+00  0.00000000
4.272800D-02  1.609340D-01  1.000000D+00  0.000000D+00  0.00000000
-8.154000D-03  6.034180D-01  0.000000D+00  0.000000D+00  0.00000000
2.381000D-03  3.787650D-01  0.000000D+00  1.000000D+00  0.00000000
0.00000000  0.00000000  0.00000000  0.00000000  1.0000000

3.446000D+01  7.749000D+00  2.280000D+00  7.156000D-01  2.140000D-01  0.0597400

1.592800D-02  0.000000D+00  0.000000D+00  0.00000000
9.974000D-02  0.000000D+00  0.000000D+00  0.00000000
3.104920D-01  0.000000D+00  0.000000D+00  0.00000000
4.910260D-01  1.000000D+00  0.000000D+00  0.00000000
3.363370D-01  0.000000D+00  1.000000D+00  0.00000000
0.00000000  0.00000000  0.00000000  1.0000000

2.314000D+00  6.450000D-01  0.2140000

1.000000D+00  0.000000D+00  0.00000000
0.000000D+00  1.000000D+00  0.00000000
0.00000000  0.00000000  1.0000000

1.428000D+00  0.5000000

1.0000000  0.00000000
0.00000000  1.0000000


H:aug-cc-pVDZ
aug-cc-pVDZ

  2
    0    1
    3    2
    5    2

    13.0100000     1.9620000     0.4446000     0.1220000     0.0297400

 0.0196850  0.0000000  0.0000000 
 0.1379770  0.0000000  0.0000000 
 0.4781480  0.0000000  0.0000000 
 0.5012400  1.0000000  0.0000000 
 0.0000000  0.0000000  1.0000000 

     0.7270000     0.1410000

 1.0000000  0.0000000 
 0.0000000  1.0000000 

O:aug-cc-pVDZ
aug-cc-pVDZ

  3
    0    1    2
    4    3    2
   10    5    2

 11720.0000000  1759.0000000   400.8000000   113.7000000    37.0300000
    13.2700000     5.0250000     1.0130000     0.3023000     0.0789600

 0.0007100 -0.0001600  0.0000000  0.0000000 
 0.0054700 -0.0012630  0.0000000  0.0000000 
 0.0278370 -0.0062670  0.0000000  0.0000000 
 0.1048000 -0.0257160  0.0000000  0.0000000 
 0.2830620 -0.0709240  0.0000000  0.0000000 
 0.4487190 -0.1654110  0.0000000  0.0000000 
 0.2709520 -0.1169550  0.0000000  0.0000000 
 0.0154580  0.5573680  0.0000000  0.0000000 
-0.0025850  0.5727590  1.0000000  0.0000000 
 0.0000000  0.0000000  0.0000000  1.0000000 

    17.7000000     3.8540000     1.0460000     0.2753000     0.0685600

 0.0430180  0.0000000  0.0000000 
 0.2289130  0.0000000  0.0000000 
 0.5087280  0.0000000  0.0000000 
 0.4605310  1.0000000  0.0000000 
 0.0000000  0.0000000  1.0000000 

     1.1850000     0.3320000

 1.0000000  0.0000000 
 0.0000000  1.0000000 

